cam0:
  cam_overlaps:
  - 1
  camera_model: pinhole
  distortion_coeffs:
  - -0.04047286101733648
  - 0.03290399844880891
  - -3.639089000347129e-05
  - -7.543482846769623e-05
  distortion_model: radtan
  intrinsics:
  - 260.4708254827622
  - 261.839672846784
  - 311.4989497955604
  - 183.83828311365187
  resolution:
  - 640
  - 360
  rostopic: /zed2/zed_node/left/image_rect_color
cam1:
  T_cn_cnm1:
  - - 0.999989059307986
    - -0.00011218872402827011
    - -0.004676395837205029
    - -0.11978816848288668
  - - 0.00010512371726406614
    - 0.999998852915257
    - -0.001510998736297621
    - -0.00014556215377420074
  - - 0.004676559990002929
    - 0.0015104906048120032
    - 0.9999879240294852
    - -0.00027225784872202173
  - - 0.0
    - 0.0
    - 0.0
    - 1.0
  cam_overlaps:
  - 0
  camera_model: pinhole
  distortion_coeffs:
  - -0.02949275721766671
  - 0.02160932560841085
  - 0.0016769349691857051
  - -0.0011984007286533849
  distortion_model: radtan
  intrinsics:
  - 259.8971704001385
  - 261.2575486475671
  - 312.24425384714283
  - 184.1229328586056
  resolution:
  - 640
  - 360
  rostopic: /zed2/zed_node/right/image_rect_color
