cam0:
  T_cam_imu:
  - [0.01266748786793992, -0.9999195854532419, -0.0005978111189532953, 0.021043392437225177]
  - [-0.002444290718898623, 0.000566891800383662, -0.99999685203333, -0.005615005674174008]
  - [0.999916776633935, 0.012668909215280022, -0.002436913067364599, -0.026426172666751298]
  - [0.0, 0.0, 0.0, 1.0]
  cam_overlaps: [1]
  camera_model: pinhole
  distortion_coeffs: [-0.04047286101733648, 0.03290399844880891, -3.639089000347129e-05, -7.543482846769623e-05]
  distortion_model: radtan
  intrinsics: [260.4708254827622, 261.839672846784, 311.4989497955604, 183.83828311365187]
  resolution: [640, 360]
  rostopic: /zed2/zed_node/left/image_rect_color
  timeshift_cam_imu: 0.02413528344876826
cam1:
  T_cam_imu:
  - [0.00799161684691116, -0.9999679540741986, -0.00047422023750026687, -0.0986207970907631]
  - [-0.0039538292475735926, 0.00044263318050818956, -0.9999920856237556, -0.005718419313919357]
  - [0.9999602498571896, 0.007993428584093465, -0.003950165188672583, -0.026608182119982234]
  - [0.0, 0.0, 0.0, 1.0]
  T_cn_cnm1:
  - [0.9999890593079844, -0.00011218872402827012, -0.004676395837205029, -0.11978816848288668]
  - [0.00010512371726406615, 0.9999988529152555, -0.001510998736297621, -0.00014556215377420074]
  - [0.004676559990002929, 0.0015104906048120032, 0.9999879240294837, -0.00027225784872202173]
  - [0.0, 0.0, 0.0, 1.0]
  cam_overlaps: [0]
  camera_model: pinhole
  distortion_coeffs: [-0.02949275721766671, 0.02160932560841085, 0.0016769349691857051, -0.0011984007286533849]
  distortion_model: radtan
  intrinsics: [259.8971704001385, 261.2575486475671, 312.24425384714283, 184.1229328586056]
  resolution: [640, 360]
  rostopic: /zed2/zed_node/right/image_rect_color
  timeshift_cam_imu: 0.02577191082018823
